1748314202776 0.0004 0
1748314213777 0.00062 1
1748314224366 0.00106 2
1748314235589 0.00222 3
1748314245853 0.0035 4
1748314256168 0.00654 5
1748314266909 0.0029 6
1748314277810 0.00396 7
1748314288238 0.00883 8
1748314298842 0.06374 9
1748314309373 0.19075 10
1748314319676 0.27963 11
1748314330600 0.31709 12
1748314341018 0.34663 13
1748314352031 0.36847 14
1748314362744 0.383 15
1748314373423 0.38255 16
1748314383894 0.36862 17
1748314394459 0.35315 18
1748314404988 0.34177 19
1748314415314 0.29452 20
1748314425608 0.24941 21
1748314436467 0.26331 22
1748314447022 0.28905 23
1748314457222 0.29417 24
1748314467684 0.29357 25
1748314478504 0.30814 26
1748314488950 0.30814 27
1748314499455 0.35014 28
1748314510095 0.4485 29
1748314520969 0.4485 30
1748314534121 0.51617 31
1748314548369 0.55288 32
1748314560656 0.55288 33
1748314572697 0.60449 34
1748314583865 0.62053 35
1748314595004 0.62053 36
1748314608011 0.60437 37
1748314619756 0.64765 38
1748314632643 0.64765 39
1748314644529 0.67414 40
1748314657573 0.66132 41
1748314671587 0.66132 42
1748314685120 0.6347 43
1748314698027 0.6347 44
1748314710026 0.62674 45
1748314722504 0.62674 46
1748314734423 0.60483 47
1748314746182 0.60483 48
1748314757574 0.57426 49
1748314771121 0.57426 50
1748314785523 0.56875 51
1748314799490 0.56875 52
1748314813799 0.58966 53
1748314827814 0.58966 54
1748314841311 0.64646 55
1748314854936 0.64646 56
1748314869695 0.71338 57
1748314883254 0.71338 58
1748314896905 0.7211 59
1748314911031 0.7211 60
1748314927243 0.70912 61
1748314945501 0.70912 62
1748314960109 0.717 63
1748314976934 0.717 64
1748314992322 0.71938 65
1748315009317 0.71938 66
1748315029595 0.72914 67
1748315045493 0.72914 68
1748315059573 0.74625 69
1748315073027 0.74625 70
1748315089347 0.74358 71
1748315104684 0.74358 72
1748315122170 0.74303 73
1748315137838 0.74303 74
1748315152867 0.75152 75
1748315165890 0.75152 76
1748315181904 0.77726 77
1748315195920 0.77726 78
1748315209206 0.79166 79
1748315222877 0.79166 80
1748315236149 0.80085 81
1748315249109 0.80085 82
1748315262050 0.80113 83
1748315274660 0.80113 84
1748315287858 0.79147 85
1748315300635 0.79147 86
1748315314997 0.80031 87
1748315330531 0.80031 88
1748315346252 0.80146 89
1748315362535 0.80146 90
1748315378172 0.80511 91
1748315392404 0.80511 92
1748315406211 0.80681 93
1748315419993 0.80681 94
1748315433036 0.81591 95
1748315445256 0.81591 96
1748315457473 0.81024 97
1748315472638 0.81024 98
1748315485002 0.81443 99
1748315492395 0.8009679254599609 99
