1748314202776 0.00016 0
1748314213777 0.00022 1
1748314224366 0.00038 2
1748314235589 0.00083 3
1748314245853 0.00147 4
1748314256168 0.0035 5
1748314266909 0.00153 6
1748314277810 0.00138 7
1748314288238 0.00227 8
1748314298842 0.03787 9
1748314309373 0.11779 10
1748314319676 0.16705 11
1748314330600 0.18352 12
1748314341018 0.18023 13
1748314352031 0.19557 14
1748314362744 0.21961 15
1748314373423 0.21847 16
1748314383894 0.20985 17
1748314394459 0.20573 18
1748314404988 0.1858 19
1748314415314 0.14458 20
1748314425608 0.10837 21
1748314436467 0.11841 22
1748314447022 0.13976 23
1748314457222 0.15301 24
1748314467684 0.14659 25
1748314478504 0.14266 26
1748314488950 0.14266 27
1748314499455 0.1654 28
1748314510095 0.21862 29
1748314520969 0.21862 30
1748314534121 0.28049 31
1748314548369 0.30784 32
1748314560656 0.30784 33
1748314572697 0.29915 34
1748314583865 0.28472 35
1748314595004 0.28472 36
1748314608011 0.28931 37
1748314619756 0.34008 38
1748314632643 0.34008 39
1748314644529 0.34698 40
1748314657573 0.34454 41
1748314671587 0.34454 42
1748314685120 0.33878 43
1748314698027 0.33878 44
1748314710026 0.31141 45
1748314722504 0.31141 46
1748314734423 0.3016 47
1748314746182 0.3016 48
1748314757574 0.32769 49
1748314771121 0.32769 50
1748314785523 0.32839 51
1748314799490 0.32839 52
1748314813799 0.34849 53
1748314827814 0.34849 54
1748314841311 0.36134 55
1748314854936 0.36134 56
1748314869695 0.37588 57
1748314883254 0.37588 58
1748314896905 0.38918 59
1748314911031 0.38918 60
1748314927243 0.38674 61
1748314945501 0.38674 62
1748314960109 0.3793 63
1748314976934 0.3793 64
1748314992322 0.37186 65
1748315009317 0.37186 66
1748315029595 0.38844 67
1748315045493 0.38844 68
1748315059573 0.40882 69
1748315073027 0.40882 70
1748315089347 0.40493 71
1748315104684 0.40493 72
1748315122170 0.4011 73
1748315137838 0.4011 74
1748315152867 0.42172 75
1748315165890 0.42172 76
1748315181904 0.4597 77
1748315195920 0.4597 78
1748315209206 0.47964 79
1748315222877 0.47964 80
1748315236149 0.48498 81
1748315249109 0.48498 82
1748315262050 0.48167 83
1748315274660 0.48167 84
1748315287858 0.46465 85
1748315300635 0.46465 86
1748315314997 0.46613 87
1748315330531 0.46613 88
1748315346252 0.47366 89
1748315362535 0.47366 90
1748315378172 0.47268 91
1748315392404 0.47268 92
1748315406211 0.47386 93
1748315419993 0.47386 94
1748315433036 0.47175 95
1748315445256 0.47175 96
1748315457473 0.4575 97
1748315472638 0.4575 98
1748315485002 0.45371 99
1748315492395 0.48649218526588645 99
