1748314202776 0.00077 0
1748314213777 0.00118 1
1748314224366 0.00198 2
1748314235589 0.0041 3
1748314245853 0.00632 4
1748314256168 0.01095 5
1748314266909 0.00504 6
1748314277810 0.00464 7
1748314288238 0.00627 8
1748314298842 0.01236 9
1748314309373 0.01702 10
1748314319676 0.02477 11
1748314330600 0.02738 12
1748314341018 0.0346 13
1748314352031 0.03838 14
1748314362744 0.04022 15
1748314373423 0.03498 16
1748314383894 0.03357 17
1748314394459 0.46999 18
1748314404988 0.47677 19
1748314415314 0.44722 20
1748314425608 0.6006 21
1748314436467 0.93664 22
1748314447022 0.76112 23
1748314457222 0.63339 24
1748314467684 0.54494 25
1748314478504 0.67145 26
1748314488950 0.67145 27
1748314499455 0.80175 28
1748314510095 0.75568 29
1748314520969 0.75568 30
1748314534121 0.87852 31
1748314548369 0.79608 32
1748314560656 0.79608 33
1748314572697 0.82696 34
1748314583865 0.76305 35
1748314595004 0.76305 36
1748314608011 0.76371 37
1748314619756 0.7007 38
1748314632643 0.7007 39
1748314644529 0.69862 40
1748314657573 0.69581 41
1748314671587 0.69581 42
1748314685120 0.7107 43
1748314698027 0.7107 44
1748314710026 0.7589 45
1748314722504 0.7589 46
1748314734423 0.74008 47
1748314746182 0.74008 48
1748314757574 0.73552 49
1748314771121 0.73552 50
1748314785523 0.72558 51
1748314799490 0.72558 52
1748314813799 0.72915 53
1748314827814 0.72915 54
1748314841311 0.77266 55
1748314854936 0.77266 56
1748314869695 0.8692 57
1748314883254 0.8692 58
1748314896905 0.81748 59
1748314911031 0.81748 60
1748314927243 0.75985 61
1748314945501 0.75985 62
1748314960109 0.7926 63
1748314976934 0.7926 64
1748314992322 0.7993 65
1748315009317 0.7993 66
1748315029595 0.77098 67
1748315045493 0.77098 68
1748315059573 0.74466 69
1748315073027 0.74466 70
1748315089347 0.72585 71
1748315104684 0.72585 72
1748315122170 0.69802 73
1748315137838 0.69802 74
1748315152867 0.71475 75
1748315165890 0.71475 76
1748315181904 0.70917 77
1748315195920 0.70917 78
1748315209206 0.74948 79
1748315222877 0.74948 80
1748315236149 0.74977 81
1748315249109 0.74977 82
1748315262050 0.77144 83
1748315274660 0.77144 84
1748315287858 0.7403 85
1748315300635 0.7403 86
1748315314997 0.7718 87
1748315330531 0.7718 88
1748315346252 0.85371 89
1748315362535 0.85371 90
1748315378172 0.81357 91
1748315392404 0.81357 92
1748315406211 0.797 93
1748315419993 0.797 94
1748315433036 0.77633 95
1748315445256 0.77633 96
1748315457473 0.75654 97
1748315472638 0.75654 98
1748315485002 0.78117 99
1748315492395 0.749132310448609 99
