1748314202776 0.01493 0
1748314213777 0.02239 1
1748314224366 0.03731 2
1748314235589 0.07053 3
1748314245853 0.09965 4
1748314256168 0.16946 5
1748314266909 0.08 6
1748314277810 0.07253 7
1748314288238 0.09829 8
1748314298842 0.19248 9
1748314309373 0.26902 10
1748314319676 0.41063 11
1748314330600 0.46351 12
1748314341018 0.56999 13
1748314352031 0.62696 14
1748314362744 0.65207 15
1748314373423 0.56798 16
1748314383894 0.55033 17
1748314394459 0.33184 18
1748314404988 0.3384 19
1748314415314 0.33139 20
1748314425608 0.24315 21
1748314436467 0.0841 22
1748314447022 0.0642 23
1748314457222 0.10029 24
1748314467684 0.23101 25
1748314478504 0.17605 26
1748314488950 0.17605 27
1748314499455 0.13727 28
1748314510095 0.18486 29
1748314520969 0.18486 30
1748314534121 0.30413 31
1748314548369 0.40027 32
1748314560656 0.40027 33
1748314572697 0.42965 34
1748314583865 0.4591 35
1748314595004 0.4591 36
1748314608011 0.50974 37
1748314619756 0.57681 38
1748314632643 0.57681 39
1748314644529 0.61547 40
1748314657573 0.63851 41
1748314671587 0.63851 42
1748314685120 0.61167 43
1748314698027 0.61167 44
1748314710026 0.56039 45
1748314722504 0.56039 46
1748314734423 0.53477 47
1748314746182 0.53477 48
1748314757574 0.53379 49
1748314771121 0.53379 50
1748314785523 0.50965 51
1748314799490 0.50965 52
1748314813799 0.50282 53
1748314827814 0.50282 54
1748314841311 0.51727 55
1748314854936 0.51727 56
1748314869695 0.58828 57
1748314883254 0.58828 58
1748314896905 0.64296 59
1748314911031 0.64296 60
1748314927243 0.6357 61
1748314945501 0.6357 62
1748314960109 0.63567 63
1748314976934 0.63567 64
1748314992322 0.61549 65
1748315009317 0.61549 66
1748315029595 0.64315 67
1748315045493 0.64315 68
1748315059573 0.67034 69
1748315073027 0.67034 70
1748315089347 0.68838 71
1748315104684 0.68838 72
1748315122170 0.70034 73
1748315137838 0.70034 74
1748315152867 0.71378 75
1748315165890 0.71378 76
1748315181904 0.72662 77
1748315195920 0.72662 78
1748315209206 0.73947 79
1748315222877 0.73947 80
1748315236149 0.747 81
1748315249109 0.747 82
1748315262050 0.73207 83
1748315274660 0.73207 84
1748315287858 0.76938 85
1748315300635 0.76938 86
1748315314997 0.75082 87
1748315330531 0.75082 88
1748315346252 0.68521 89
1748315362535 0.68521 90
1748315378172 0.72124 91
1748315392404 0.72124 92
1748315406211 0.7489 93
1748315419993 0.7489 94
1748315433036 0.77369 95
1748315445256 0.77369 96
1748315457473 0.76602 97
1748315472638 0.76602 98
1748315485002 0.76262 99
1748315492395 0.7469967236985803 99
