1748314197136 1.667e-05 0
1748314211887 4.9514901000000005e-05 1
1748314222522 8.169967e-05 2
1748314233718 0.00011322430699999999 3
1748314244080 0.000144088812 4
1748314254451 0.00017429318500000003 5
1748314265163 0.000203837426 6
1748314276008 0.00023272153500000003 7
1748314286439 0.000260945512 8
1748314296962 0.00028850935700000004 9
1748314307589 0.00031541307 10
1748314317870 0.00034165665099999997 11
1748314328721 0.0003672401 12
1748314339214 0.00039216341699999997 13
1748314350218 0.00041642660200000005 14
1748314360893 0.000440029655 15
1748314371598 0.00046297257600000005 16
1748314382120 0.00048525536500000003 17
1748314392675 0.0005068780220000001 18
1748314403177 0.0005278405470000001 19
1748314413636 0.0005481429400000001 20
1748314423943 0.0005677852010000001 21
1748314434808 0.00058676733 22
1748314445314 0.000605089327 23
1748314455525 0.000622751192 24
1748314465975 0.000639752925 25
1748314476813 0.000656094526 26
1748314487323 0.0006717759950000001 27
1748314497649 0.000686797332 28
1748314508402 0.0007011585369999999 29
1748314519245 0.00071485961 30
1748314532401 0.0007279005509999999 31
1748314546209 0.00074028136 32
1748314558521 0.000752002037 33
1748314570777 0.0007630625819999998 34
1748314582086 0.0007734629950000001 35
1748314592891 0.0007832032760000002 36
1748314606093 0.0007922834250000001 37
1748314617633 0.000800703442 38
1748314630615 0.000808463327 39
1748314642287 0.00081556308 40
1748314655074 0.0008220027010000001 41
1748314668844 0.0008277821900000002 42
1748314682908 0.000832901547 43
1748314695964 0.000837360772 44
1748314708227 0.0008411598650000002 45
1748314720451 0.0008442988260000002 46
1748314732584 0.0008467776550000003 47
1748314744155 0.0008485963520000001 48
1748314755961 0.000849754917 49
1748314768887 0.0008418350000000001 50
1748314783352 0.0008253317 51
1748314797349 0.0008088284 52
1748314811729 0.0007923251 53
1748314825530 0.0007758218 54
1748314839197 0.0007593185 55
1748314852511 0.0007428151999999999 56
1748314867323 0.0007263119000000001 57
1748314881110 0.0007098086000000001 58
1748314894712 0.0006933053000000001 59
1748314908886 0.0006768020000000001 60
1748314924663 0.0006602987 61
1748314943044 0.0006437954 62
1748314957794 0.0006272921 63
1748314974567 0.0006107888000000001 64
1748314989915 0.0005942855 65
1748315005539 0.0005777822 66
1748315026837 0.0005612788999999999 67
1748315043304 0.0005447756 68
1748315057425 0.0005282723000000001 69
1748315070337 0.0005117690000000001 70
1748315086953 0.0004952657000000001 71
1748315102158 0.00047876240000000006 72
1748315119607 0.0004622591000000001 73
1748315135066 0.00044575580000000005 74
1748315150778 0.00042925250000000004 75
1748315163599 0.0004127492 76
1748315179381 0.0003962459 77
1748315193444 0.00037974259999999996 78
1748315206549 0.0003632393 79
1748315220469 0.00034673599999999994 80
1748315233957 0.00033023269999999993 81
1748315246837 0.00031372940000000014 82
1748315259801 0.0002972261000000001 83
1748315272347 0.00028072280000000007 84
1748315285371 0.00026421950000000006 85
1748315298292 0.00024771620000000005 86
1748315312270 0.00023121290000000004 87
1748315328078 0.0002147096 88
1748315343232 0.00019820629999999997 89
1748315359662 0.00018170299999999996 90
1748315375322 0.00016519969999999996 91
1748315389967 0.00014869639999999995 92
1748315403733 0.0001321930999999999 93
1748315417408 0.00011568980000000008 94
1748315430562 9.918650000000008e-05 95
1748315443114 8.268320000000008e-05 96
1748315455383 6.617990000000005e-05 97
1748315469725 4.967660000000004e-05 98
1748315482891 3.3173300000000017e-05 99
