1748314197136 2.84693 0
1748314211887 2.84071 1
1748314222522 2.43823 2
1748314233718 2.49813 3
1748314244080 2.23668 4
1748314254451 2.30086 5
1748314265163 2.04998 6
1748314276008 2.219 7
1748314286439 2.15364 8
1748314296962 2.01427 9
1748314307589 1.90129 10
1748314317870 1.95498 11
1748314328721 1.97859 12
1748314339214 1.92354 13
1748314350218 1.94167 14
1748314360893 1.80272 15
1748314371598 1.82891 16
1748314382120 1.87002 17
1748314392675 1.90007 18
1748314403177 1.78009 19
1748314413636 1.72957 20
1748314423943 1.79838 21
1748314434808 1.85363 22
1748314445314 1.66842 23
1748314455525 1.73273 24
1748314465975 1.76176 25
1748314476813 1.82489 26
1748314487323 1.56801 27
1748314497649 1.50574 28
1748314508402 1.9013 29
1748314519245 1.94036 30
1748314532401 1.63998 31
1748314546209 1.75214 32
1748314558521 1.77135 33
1748314570777 1.62045 34
1748314582086 1.66353 35
1748314592891 1.90295 36
1748314606093 1.83804 37
1748314617633 1.52468 38
1748314630615 1.71142 39
1748314642287 1.4746 40
1748314655074 1.56195 41
1748314668844 1.4307 42
1748314682908 1.36772 43
1748314695964 1.44655 44
1748314708227 1.57947 45
1748314720451 1.38028 46
1748314732584 1.40891 47
1748314744155 1.47182 48
1748314755961 1.53587 49
1748314768887 1.68953 50
1748314783352 1.37076 51
1748314797349 1.56885 52
1748314811729 1.55679 53
1748314825530 1.5906 54
1748314839197 1.48864 55
1748314852511 1.37475 56
1748314867323 1.45701 57
1748314881110 1.31119 58
1748314894712 1.4785 59
1748314908886 1.33511 60
1748314924663 1.37474 61
1748314943044 1.39203 62
1748314957794 1.32656 63
1748314974567 1.37435 64
1748314989915 1.49828 65
1748315005539 1.41123 66
1748315026837 1.40353 67
1748315043304 1.47845 68
1748315057425 1.26997 69
1748315070337 1.24173 70
1748315086953 1.30703 71
1748315102158 1.2782 72
1748315119607 1.32457 73
1748315135066 1.37911 74
1748315150778 1.37258 75
1748315163599 1.61344 76
1748315179381 1.19215 77
1748315193444 1.3945 78
1748315206549 1.21753 79
1748315220469 1.22134 80
1748315233957 1.26672 81
1748315246837 1.14962 82
1748315259801 1.39481 83
1748315272347 1.17242 84
1748315285371 1.17805 85
1748315298292 1.36213 86
1748315312270 1.25948 87
1748315328078 1.24877 88
1748315343232 1.19751 89
1748315359662 1.23265 90
1748315375322 1.22104 91
1748315389967 1.14053 92
1748315403733 1.23602 93
1748315417408 1.19431 94
1748315430562 1.3319 95
1748315443114 1.21198 96
1748315455383 1.13895 97
1748315469725 1.14903 98
1748315482891 1.2576 99
