1748314197136 3.99863 0
1748314211887 3.9751 1
1748314222522 3.85416 2
1748314233718 3.85367 3
1748314244080 3.74589 4
1748314254451 3.62455 5
1748314265163 3.3131 6
1748314276008 3.10097 7
1748314286439 2.95926 8
1748314296962 2.77595 9
1748314307589 2.52502 10
1748314317870 2.42712 11
1748314328721 2.33732 12
1748314339214 2.07656 13
1748314350218 1.91977 14
1748314360893 1.83742 15
1748314371598 2.02806 16
1748314382120 1.8542 17
1748314392675 1.77418 18
1748314403177 1.6909 19
1748314413636 1.65036 20
1748314423943 1.72015 21
1748314434808 1.72025 22
1748314445314 1.53288 23
1748314455525 1.61629 24
1748314465975 1.59528 25
1748314476813 1.6383 26
1748314487323 1.51264 27
1748314497649 1.40926 28
1748314508402 1.64656 29
1748314519245 1.66828 30
1748314532401 1.4192 31
1748314546209 1.54195 32
1748314558521 1.57822 33
1748314570777 1.3682 34
1748314582086 1.60229 35
1748314592891 1.63374 36
1748314606093 1.55287 37
1748314617633 1.3091 38
1748314630615 1.41656 39
1748314642287 1.31393 40
1748314655074 1.37973 41
1748314668844 1.21972 42
1748314682908 1.17672 43
1748314695964 1.23337 44
1748314708227 1.40402 45
1748314720451 1.25312 46
1748314732584 1.21034 47
1748314744155 1.32439 48
1748314755961 1.23728 49
1748314768887 1.50304 50
1748314783352 1.20427 51
1748314797349 1.34287 52
1748314811729 1.29153 53
1748314825530 1.35591 54
1748314839197 1.25455 55
1748314852511 1.19491 56
1748314867323 1.19399 57
1748314881110 1.12851 58
1748314894712 1.18543 59
1748314908886 1.12365 60
1748314924663 1.13347 61
1748314943044 1.14289 62
1748314957794 1.08999 63
1748314974567 1.08099 64
1748314989915 1.22694 65
1748315005539 1.0857 66
1748315026837 1.24599 67
1748315043304 1.27489 68
1748315057425 1.10414 69
1748315070337 0.98332 70
1748315086953 1.09596 71
1748315102158 1.14396 72
1748315119607 1.08616 73
1748315135066 1.18523 74
1748315150778 1.07295 75
1748315163599 1.32652 76
1748315179381 0.96104 77
1748315193444 1.1911 78
1748315206549 1.03198 79
1748315220469 1.01117 80
1748315233957 1.07711 81
1748315246837 0.96414 82
1748315259801 1.14792 83
1748315272347 1.01737 84
1748315285371 0.93045 85
1748315298292 1.11898 86
1748315312270 1.05547 87
1748315328078 1.03836 88
1748315343232 0.92391 89
1748315359662 1.07988 90
1748315375322 1.04334 91
1748315389967 0.95089 92
1748315403733 1.07109 93
1748315417408 1.00363 94
1748315430562 1.20137 95
1748315443114 1.07922 96
1748315455383 1.04311 97
1748315469725 0.97938 98
1748315482891 1.03536 99
