1748314197136 1.9877 0
1748314211887 1.96253 1
1748314222522 1.95952 2
1748314233718 1.77144 3
1748314244080 1.73525 4
1748314254451 1.66069 5
1748314265163 1.57812 6
1748314276008 1.55809 7
1748314286439 1.4731 8
1748314296962 1.41299 9
1748314307589 1.35248 10
1748314317870 1.39813 11
1748314328721 1.35009 12
1748314339214 1.35817 13
1748314350218 1.31308 14
1748314360893 1.24194 15
1748314371598 1.26498 16
1748314382120 1.26789 17
1748314392675 1.2746 18
1748314403177 1.23513 19
1748314413636 1.30564 20
1748314423943 1.21688 21
1748314434808 1.23213 22
1748314445314 1.1891 23
1748314455525 1.26191 24
1748314465975 1.30009 25
1748314476813 1.27653 26
1748314487323 1.1629 27
1748314497649 1.17815 28
1748314508402 1.20859 29
1748314519245 1.21102 30
1748314532401 1.16788 31
1748314546209 1.22731 32
1748314558521 1.19106 33
1748314570777 1.15385 34
1748314582086 1.19251 35
1748314592891 1.1979 36
1748314606093 1.18933 37
1748314617633 1.15351 38
1748314630615 1.20848 39
1748314642287 1.11442 40
1748314655074 1.13856 41
1748314668844 1.08591 42
1748314682908 1.05929 43
1748314695964 1.13264 44
1748314708227 1.13951 45
1748314720451 1.1668 46
1748314732584 1.11619 47
1748314744155 1.11673 48
1748314755961 1.12639 49
1748314768887 1.18211 50
1748314783352 1.06771 51
1748314797349 1.17391 52
1748314811729 1.12887 53
1748314825530 1.18278 54
1748314839197 1.06345 55
1748314852511 1.05424 56
1748314867323 1.0705 57
1748314881110 1.04598 58
1748314894712 1.09996 59
1748314908886 1.03475 60
1748314924663 1.07819 61
1748314943044 1.07728 62
1748314957794 1.02697 63
1748314974567 1.02149 64
1748314989915 1.15051 65
1748315005539 1.05517 66
1748315026837 1.12962 67
1748315043304 1.08836 68
1748315057425 1.04974 69
1748315070337 1.06787 70
1748315086953 1.05183 71
1748315102158 1.03122 72
1748315119607 1.04502 73
1748315135066 1.06298 74
1748315150778 1.01791 75
1748315163599 1.09999 76
1748315179381 0.99625 77
1748315193444 1.08033 78
1748315206549 1.06233 79
1748315220469 1.01197 80
1748315233957 1.02262 81
1748315246837 0.99488 82
1748315259801 1.04563 83
1748315272347 1.02131 84
1748315285371 0.9977 85
1748315298292 1.05234 86
1748315312270 1.00792 87
1748315328078 1.00799 88
1748315343232 0.99705 89
1748315359662 1.03316 90
1748315375322 1.02271 91
1748315389967 1.00066 92
1748315403733 1.02557 93
1748315417408 1.02491 94
1748315430562 1.05551 95
1748315443114 0.9819 96
1748315455383 1.01986 97
1748315469725 1.00049 98
1748315482891 1.01507 99
